##Name	del_H	S0	k0	k1	k2	k3
Ca1Ti1O3	R	-1660.630e3	93.64	12.496	4.5156e-2	2.4620e3	-6.3018e6
Ca1Al12O19	B3	-1.0735e+07	360.980	973.423	-5517950.	-3135.460	-63511.117
Ca1Al4O7	B5	-4.00833e6	175.06	337.98	-10.222e2	-121.126e5	151.06e7
Ca1Al2O4	B5	-2.33751e6	112.540	227.04	-1.6691e3	-5.608e5	-8.554e7
Mg7Si8O24H2	B8	-12069.032e3	535.195	1219.31	-57.665e2	-347.661e5	440.090e7
Al2Si1O5_and	B8	-2589.972e3	91.434	236.48	-11.029e2	-75.268e5	93.644e7
Mg1O2H2	B8	-925.937e3	63.064	136.84	-5.371e2	-43.619e5	55.269e7
Ca1C1O3	B8	-1206.819e3	91.725	178.19	-16.577e2	-4.827e5	16.660e7
Mg2Al4Si5O18	B8	-9158.727e3	417.97	954.39	-79.623e2	-23.173e5	-37.021e7
Ca1Mg1C2O6	B8	-2325.248e3	154.89	328.48	-25.544e2	-46.885e5	79.038e7
Ca1O1	B8	-635.090e3	37.750	58.79	-1.339e2	-11.471e5	10.298e7
Mg1C1O3	B8	-1113.636e3	65.210	162.30	-11.093e2	-48.826e5	87.466e7
Ca3Mg1Si2O8	B8	-4537.497e3	251.777	453.62	-32.500e2	0.	-34.423e7
Mg1O1	B8	-601.500e3	26.951	61.11	-2.962e2	-6.212e5	0.584e7
Al2Si1O5_sil	B8	-2586.091e3	95.930	256.73	-18.872e2	-29.774e5	25.096e7
Mg3Si4O12H2	B8	-5897.387e3	261.240	664.11	-51.872e2	-21.472e5	-32.737e7
Ca1Si1O3	B8	-1631.500e3	81.81	149.07	-6.903e2	-36.593e5	48.435e7
Ca1Mg1Si2O6	B8	-3200.583e3	142.500	305.41	-16.049e2	-71.660e5	92.184e7
Mg2Si1O4	B8	-2174.420e3	94.010	238.64	-20.013e2	0.	-11.624e7
Fe2Si1O4	B8	-1479.360e3	150.93	2.489281e2	-1.923855e3	0.	-1.391041e8
Al2O3	B8	-1675.700e3	50.820	155.02	-8.284e2	-38.614e5	40.908e7
Ca1Mg1Si1O4	B8	-2250.027e3	108.300	226.34	-15.427e2	-11.797e5	-2.329e7
Ca1Ti1Si1O5	B8	-2596.652e3	129.290	234.62	-10.403e2	-51.183e5	59.146e7
Fe3Al2Si3O12	B8	-5265.502e3	339.927	573.96	-14.831e2	-292.920e5	502.208e7
Ca3Al2Si3O12	B8	-6632.859e3	255.150	573.43	-20.394e2	-188.872e5	231.931e7
Mg3Al2Si3O12	B8	-6286.548e3	266.359	640.72	-45.421e2	-47.019e5	0.
Ca2Mg1Si2O7	B8	-3860.441e3	212.000	387.06	-29.388e2	0.	-4.079e7
Ca2Al2Si1O7	B8	-3988.158e3	198.600	373.09	-22.768e2	-47.785e5	47.791e7
Mg1Si1O3_ortho	B8	-1545.552e3	66.170	166.58	-12.006e2	-22.706e5	27.915e7
Fe1Si1O3	B8	-1194.375e3	95.882	169.06	-11.930e2	-20.971e5	29.253e7
Mg1Si1O3_clino	B8	-1545.552e3	66.325	139.96	-4.970e2	-44.002e5	53.571e7
Na1Al1Si2O6	B8	-3025.118e3	133.574	311.29	-20.051e2	-53.503e5	66.257e7
Na1Al1Si3O8	B8	-3921.618e3	224.412	393.64	-24.155e2	-78.928e5	107.064e7
Ca1Al2Si2O8	B8	-4228.730e3	200.186	439.37	-37.341e2	0.	-31.702e7
K1Al1Si3O8	B8	-3959.704e3	229.157	381.37	-19.410e2	-120.373e5	183.643e7
Si1O2	B8	-910.700e3	41.460	80.01	-2.403e2	-35.467e5	49.157e7
Fe3O4	B8	-1117.403e3	146.114	207.93	0.	-72.433e5	66.436e7
Mg1Al2O4	B8	-2300.313e3	84.535	235.90	-17.666e2	-17.104e5	4.062e7
Fe1Ti1O3	B8	-1231.947e3	108.628	150.00	-4.416e2	-33.237e5	34.815e7
Fe1	ref						
Ni1	ref						
Al1	ref						
C1	ref						
Ca1_al	ref						
Ca1_be	ref						
Mg1	ref						
Ti1_al	ref						
Ti1_be	ref						
K1	ref						
Na1	ref						
P1_i	ref						
Mn1	ref						
S1	ref						
Co1	ref						
Al1N1	JB	-317.984e3	20.142	53.218	-49.608	-3.6501e6	5.5217e8
Al6O13Si2	J	-6819.209e3	274.889	682.74	-5387.1	0.	-1.2101e9
Si1C1_al	J	-71.546e3	16.485	68.24	-621.40	-365704.01	-37789764.12
Si1C1_be	J	-73.22e3	16.61	63.88	-430.74	-2123080.94	313073793.86
C2Mg1	J	89.364e3	72.161	108.55	-1073.04	-2.03	781627730.26
C3Al4	J	-215.685e3	88.969	216.83	-1161.26	-4355473.87	430354603.58
C3Mg2	J	81.481e3	130.046	168.95	-1319.80	-1.39	354091070.20
Ca1Cl2	J	-795.797e3	104.602	108.39	-758.12	-0.61	232523006.69
Ca1S1	J	-473.21e3	56.601	97.61	-1321.23	-0.24	473759995.48
Cl1K1	J	-436.684e3	82.554	95.94	-995.74	-0.05	353593986.79
Cl1Na1	J	-411.12e3	72.115	94.39	-982.77	-0.30	355719788.76
Cl2Mg1	J	-641.616e3	89.629	107.81	-703.65	-0.10	124423510.75
F1Na1	J	-575.384e3	51.212	93.32	-1050.29	-0.11	402009240.21
F2Mg1	J	-1124.241e3	57.255	93.71	-380.93	-1194420.87	87806998.42
Fe1O1	J	-272.044e3	60.752	95.69	-1120.63	-0.51	521136265.11
Fe1O4S1	J	-928.848e3	120.957	201.72	-1326.90	-5003335.04	846354178.24
Fe2O12S3	J	-2582.992e3	307.524	530.95	-3493.37	-13158948.75	2225643428.52
H1Na1	J	-56.442e3	40.016	79.32	-557.62	-3042587.35	626793586.16
H2Mg1	J	-76.149e3	31.091	85.32	-354.54	-8120898.37	1644711268.01
K2O1	J	-366.782e3	119.958	229.63	-3679.26	-6.95	3118984022.83
Mg1O4S1	J	-1261.786e3	91.396	244.37	-2914.99	-1.45	562453595.64
Mg1S1	J	-345.724e3	50.334	96.60	-1344.75	-0.92	482383800.19
Mg2Si1	J	-77.822e3	81.588	115.63	-883.18	-1.92	94425270.12
N4Si3	J	-744.752e3	112.967	220.78	-1519.79	-16302743.50	4007459124.91
Na1O2	J	-260.663e3	115.897	199.28	-2988.29	-0.05	1266232659.81
Na2O3Si1	J	-1561.427e3	113.847	250.74	-2562.93	-1.94	262331627.23
Na2S1O4_del	J	-1379.294e3	163.212	395.33	-5735.74	-4.69	2546525406.29
Na2S1O4_iii	J	-1384.854e3	154.908	656.95	-11469.16	-3.56	3664535794.66
Ti1O1_al	J	-542.665e3	34.769	92.09	-1037.78	-1.09	221578850.96
Ti1O1_be	J	-538.481e3	38.077	104.12	-1367.99	-1.17	419567312.45
S2Si1	J	-213.384e3	80.333	110.86	-786.59	-1.21	339006130.84
Ca1H2O2	J	-986.085e3	83.387	148.80	-986.39	-0.22	-107904542.98
Cl2Fe1	J	-341.833e3	117.947	110.04	-684.32	-0.51	173879384.14
Al2S3	J	-651.03e3	116.847	167.40	-1050.40	-1.12	-36516558.13
Fe1S2_i	J	-167.36e3	53.865	116.06	-1024.82	-0.63	161576759.59
Fe1S2_ii	J	-171.544e3	52.916	115.92	-1031.38	-0.70	168593149.66
Fe1H2O2	J	-574.045e3	87.864	130.25	-0.01	-9849474.35	2062336427.85
Fe1H3O3	J	-832.616e3	104.6	222.92	-1662.71	-7938388.62	1711029558.67
Ti1H2	J	-144.348e3	29.711	80.78	-101.36	-11861838.18	2353455080.83
H1K1	J	-57.82e3	50.208	79.55	-570.10	-2234125.33	438715187.49
F1K1	J	-568.606e3	66.547	93.53	-1013.94	-0.65	393421800.28
K2O3Si1	J	-1548.08e3	146.147	242.00	-1893.85	-3796970.73	763552106.66
F2Fe1	J	-705.841e3	86.985	91.48	-239.38	-2353237.45	450388914.29
Ti3O5_al	J	-2459.146e3	129.369	150.00	-99.98	-0.42	-99978727.53
Ti3O5_be	J	-2446.189e3	157.617	354.14	-4362.72	-0.29	2052817923.18
Co1O1	J	-237.735e3	52.993	103.06	-1289.02	-0.10	585420837.01
Ti1O2	B8	-944.750e3	50.460	77.84	0.	-33.678e5	40.294e7